2024-08-16 10:39:21.9045|DEBUG|Program|location of wsfscservice is: C:\Users\runneradmin\.nuget\packages\websharper.fsharp\8.0.0.473-beta1\tools\net8.0\win-x64 (server side)
2024-08-16 10:39:21.9050|DEBUG|Program|pipename is: C:\Users\runneradmin\.nuget\packages\websharper.fsharp\8.0.0.473-beta1\tools\net8.0\win-x64 (server side)
2024-08-16 10:39:21.9050|DEBUG|Program|Compiling D:\a\build-script\build-script\chartjs\WebSharper.ChartJs.Testing\WebSharper.ChartJs.Testing.fsproj
2024-08-16 10:39:21.9050|TRACE|Program|Server sends: e: WebSharper warning WS9002: Please use "spa" instead of "bundle" for your project type
2024-08-16 10:39:23.9665|TRACE|Program|Server sends: n: F# compilation: 00:00:02.0782650
2024-08-16 10:39:25.4143|TRACE|Program|Server sends: n: Checking project: 00:00:01.4477859
2024-08-16 10:39:25.4143|TRACE|Program|Server sends: n: Waiting on merged metadata: 00:00:00.0012568
2024-08-16 10:39:25.7063|TRACE|Program|Server sends: n: Parsing with FCS: 00:00:00.2907702
2024-08-16 10:39:25.7063|TRACE|Program|Server sends: n: Analyzing function arguments: 00:00:00.0026875
2024-08-16 10:39:25.7548|TRACE|Program|Server sends: n: Resolving names: 00:00:00.0457343
2024-08-16 10:39:25.9260|TRACE|Program|Server sends: n: WebSharper translation: 00:00:00.1712455
2024-08-16 10:39:25.9260|TRACE|Program|Server sends: n: Source position transformations: 00:00:00.0116411
2024-08-16 10:39:25.9820|TRACE|Program|Server sends: n: Packaging assembly: 00:00:00.0443731
2024-08-16 10:39:26.0533|TRACE|Program|Server sends: n: Computing metadata: 00:00:00.0712282
2024-08-16 10:39:26.0887|TRACE|Program|Server sends: n: Writing reexports root.js: 00:00:00.0354748
2024-08-16 10:39:26.1277|TRACE|Program|Server sends: n: Writing WebSharper.ChartJs.Testing.Client.js: 00:00:00.0389850
2024-08-16 10:39:26.1277|TRACE|Program|Server sends: n: Writing $StartupCode_Client.js: 00:00:00.0009546
2024-08-16 10:39:26.1277|TRACE|Program|Server sends: n: Writing $EntryPoint.js: 00:00:00.0004368
2024-08-16 10:39:26.1504|TRACE|Program|Server sends: n: Writing .d.ts files: 00:00:00.0212703
2024-08-16 10:39:26.1504|TRACE|Program|Server sends: n: Hashing resources: 00:00:00.0024601
2024-08-16 10:39:26.3312|TRACE|Program|Server sends: n: Serializing metadata: 00:00:00.1783636
2024-08-16 10:39:26.3647|TRACE|Program|Server sends: n: Writing resources into assembly: 00:00:00.0335561
2024-08-16 10:39:26.5195|TRACE|Program|Server sends: n: Bundling: 00:00:00.1546996
2024-08-16 10:39:26.5195|TRACE|Program|Server sends: x: 0
