2025-03-11 17:28:36.1157|DEBUG|Program|location of wsfscservice is: C:\Users\runneradmin\.nuget\packages\websharper.fsharp\8.0.0.521-rc\tools\net8.0\win-x64 (server side)
2025-03-11 17:28:36.1157|DEBUG|Program|pipename is: 9cfde38e1b493b0d22fe4a97fdc846a7 (server side)
2025-03-11 17:28:36.1157|DEBUG|Program|Compiling D:\a\build-script\build-script\chartjs\WebSharper.ChartJs.Testing\WebSharper.ChartJs.Testing.fsproj
2025-03-11 17:28:36.1157|TRACE|Program|Server sends: e: WebSharper warning WS9002: Please use "spa" instead of "bundle" for your project type
2025-03-11 17:28:38.2301|TRACE|Program|Server sends: n: F# compilation: 00:00:02.1353655
2025-03-11 17:28:39.9014|TRACE|Program|Server sends: n: Checking project: 00:00:01.6717065
2025-03-11 17:28:39.9014|TRACE|Program|Server sends: n: Waiting on merged metadata: 00:00:00.0011484
2025-03-11 17:28:40.1939|TRACE|Program|Server sends: n: Parsing with FCS: 00:00:00.2913660
2025-03-11 17:28:40.1939|TRACE|Program|Server sends: n: Analyzing function arguments: 00:00:00.0023599
2025-03-11 17:28:40.2381|TRACE|Program|Server sends: n: Resolving names: 00:00:00.0418088
2025-03-11 17:28:40.4016|TRACE|Program|Server sends: n: WebSharper translation: 00:00:00.1634863
2025-03-11 17:28:40.4126|TRACE|Program|Server sends: n: Source position transformations: 00:00:00.0110578
2025-03-11 17:28:40.4691|TRACE|Program|Server sends: n: Packaging assembly: 00:00:00.0564670
2025-03-11 17:28:40.5445|TRACE|Program|Server sends: n: Computing metadata: 00:00:00.0754387
2025-03-11 17:28:40.5801|TRACE|Program|Server sends: n: Writing reexports root.js: 00:00:00.0356159
2025-03-11 17:28:40.6207|TRACE|Program|Server sends: n: Writing WebSharper.ChartJs.Testing.Client.js: 00:00:00.0405410
2025-03-11 17:28:40.6207|TRACE|Program|Server sends: n: Writing $StartupCode_Client.js: 00:00:00.0003971
2025-03-11 17:28:40.6207|TRACE|Program|Server sends: n: Writing $EntryPoint.js: 00:00:00.0003939
2025-03-11 17:28:40.6403|TRACE|Program|Server sends: n: Writing .d.ts files: 00:00:00.0188392
2025-03-11 17:28:40.6403|TRACE|Program|Server sends: n: Hashing resources: 00:00:00.0019809
2025-03-11 17:28:40.8346|TRACE|Program|Server sends: n: Serializing metadata: 00:00:00.1923209
2025-03-11 17:28:40.8683|TRACE|Program|Server sends: n: Writing resources into assembly: 00:00:00.0336623
2025-03-11 17:28:41.0402|TRACE|Program|Server sends: n: Bundling: 00:00:00.1718591
2025-03-11 17:28:41.0402|TRACE|Program|Server sends: x: 0
